{
    "calibration_time": "Tue Dec 19 16:16:04 2023",
    "nr_of_frames": 2,
    "image_width": 4512,
    "image_height": 4512,
    "board_width": 22,
    "board_height": 22,
    "square_size": 3.0,
    "fix_aspect_ratio": 1.0,
    "flags": 6158,
    "fisheye_model": 0,
    "camera_matrix": {
        "type_id": "opencv-matrix",
        "rows": 3,
        "cols": 3,
        "dt": "d",
        "data": [ 9.3545465017801194e+04, 0.0, 2.2555000000000000e+03,
            0.0, 9.3545465017801194e+04, 2.2555000000000000e+03, 0.0,
            0.0, 1.0 ]
    },
    "distortion_coefficients": {
        "type_id": "opencv-matrix",
        "rows": 5,
        "cols": 1,
        "dt": "d",
        "data": [ -5.2666981814202863e+01, 2.1059825374380680e+03, 0.0,
            0.0, 4.0701218088399527e+00 ]
    },
    "avg_reprojection_error": 8.4972192877136692e+00,
    "per_view_reprojection_errors": {
        "type_id": "opencv-matrix",
        "rows": 2,
        "cols": 1,
        "dt": "f",
        "data": [ 8.69356632e+00, 8.29622650e+00 ]
    },
    "extrinsic_parameters": {
        "type_id": "opencv-matrix",
        "rows": 2,
        "cols": 6,
        "dt": "d",
        "data": [ -8.5028452093567061e-02, 8.4318963553548607e-02,
            1.5225171735091103e-02, -3.0384198826104441e+01,
            -3.2753183796436041e+01, 1.4668853935338655e+03,
            -8.7000923061769889e-02, 8.1237504384682510e-02,
            1.0264582446154030e-02, -3.1210028478544928e+01,
            -3.2280822716703426e+01, 1.4671949841382827e+03 ]
    },
    "image_points": {
        "type_id": "opencv-matrix",
        "rows": 2,
        "cols": 484,
        "dt": "2f",
        "data": [ 4.16135071e+02, 2.84485077e+02, 5.84907837e+02,
            2.75049927e+02, 7.58518738e+02, 2.68355927e+02,
            9.34707336e+02, 2.57407501e+02, 1.11236108e+03,
            2.50687241e+02, 1.29048816e+03, 2.45426483e+02,
            1.47175134e+03, 2.40606186e+02, 1.65566650e+03,
            2.33977158e+02, 1.84124988e+03, 2.32494370e+02,
            2.02901685e+03, 2.29495148e+02, 2.21580835e+03,
            2.28755646e+02, 2.40248999e+03, 2.27318878e+02,
            2.59218555e+03, 2.26688004e+02, 2.78066895e+03,
            2.32043060e+02, 2.96569507e+03, 2.35629852e+02,
            3.15787158e+03, 2.39503769e+02, 3.34094556e+03,
            2.46962036e+02, 3.52999634e+03, 2.50665451e+02,
            3.71112842e+03, 2.60393860e+02, 3.89844702e+03,
            2.69424164e+02, 4.07422949e+03, 2.79755524e+02,
            4.25447607e+03, 2.91866882e+02, 4.05597229e+02,
            4.51398376e+02, 5.74746338e+02, 4.46042786e+02,
            7.49615051e+02, 4.36329559e+02, 9.26391113e+02,
            4.30151520e+02, 1.10474255e+03, 4.23513184e+02,
            1.28316687e+03, 4.20737274e+02, 1.46711707e+03,
            4.14254425e+02, 1.65306970e+03, 4.10423035e+02,
            1.83653784e+03, 4.08396851e+02, 2.02499719e+03,
            4.06368591e+02, 2.21207739e+03, 4.05483704e+02,
            2.39986401e+03, 4.04789978e+02, 2.58901562e+03,
            4.08350891e+02, 2.78069067e+03, 4.08449738e+02,
            2.96580054e+03, 4.14097839e+02, 3.15768774e+03,
            4.17285889e+02, 3.34210986e+03, 4.23308228e+02,
            3.53107886e+03, 4.30194794e+02, 3.71247070e+03,
            4.37436707e+02, 3.89962378e+03, 4.47155212e+02,
            4.07860449e+03, 4.56855591e+02, 4.25857520e+03,
            4.66170532e+02, 3.95163971e+02, 6.26460144e+02,
            5.65921448e+02, 6.19026917e+02, 7.43224243e+02,
            6.10267273e+02, 9.16838745e+02, 6.08438110e+02,
            1.09654578e+03, 6.02268921e+02, 1.27836633e+03,
            5.98507629e+02, 1.46195605e+03, 5.94417236e+02,
            1.64632581e+03, 5.90934265e+02, 1.83224817e+03,
            5.90892700e+02, 2.02082593e+03, 5.88522949e+02,
            2.20972827e+03, 5.88566956e+02, 2.39901904e+03,
            5.89656006e+02, 2.58627051e+03, 5.92471802e+02,
            2.77630371e+03, 5.95501770e+02, 2.96453442e+03,
            5.99305054e+02, 3.15674927e+03, 6.02859375e+02,
            3.34194263e+03, 6.09686646e+02, 3.52834961e+03,
            6.13269409e+02, 3.71478687e+03, 6.20326111e+02,
            3.89777515e+03, 6.28777405e+02, 4.07976904e+03,
            6.38054749e+02, 4.25720215e+03, 6.47976929e+02,
            3.83659302e+02, 8.00858643e+02, 5.57371643e+02,
            7.96778381e+02, 7.33004944e+02, 7.90068054e+02,
            9.09475891e+02, 7.88759399e+02, 1.08944263e+03,
            7.83394470e+02, 1.27163965e+03, 7.80990601e+02,
            1.45591260e+03, 7.77388855e+02, 1.63932947e+03,
            7.77466064e+02, 1.82840588e+03, 7.73673828e+02,
            2.01583423e+03, 7.73414124e+02, 2.20684888e+03,
            7.73675110e+02, 2.39460327e+03, 7.77278564e+02,
            2.58487109e+03, 7.77670776e+02, 2.77404004e+03,
            7.81214233e+02, 2.96593823e+03, 7.84348267e+02,
            3.15496851e+03, 7.87432434e+02, 3.34251880e+03,
            7.94529236e+02, 3.52872046e+03, 8.00099670e+02,
            3.71455200e+03, 8.06001526e+02, 3.89807959e+03,
            8.15557434e+02, 4.07790063e+03, 8.21179138e+02,
            4.25917676e+03, 8.32365356e+02, 3.74545837e+02,
            9.79958801e+02, 5.47442261e+02, 9.75691162e+02,
            7.24126221e+02, 9.71857849e+02, 9.03719238e+02,
            9.68072632e+02, 1.08342883e+03, 9.64959839e+02,
            1.26566223e+03, 9.61688049e+02, 1.45026038e+03,
            9.61188599e+02, 1.63618604e+03, 9.60000244e+02,
            1.82472290e+03, 9.59080933e+02, 2.01357141e+03,
            9.59374451e+02, 2.20329126e+03, 9.60146729e+02,
            2.39365015e+03, 9.61818604e+02, 2.58342627e+03,
            9.66196838e+02, 2.77081934e+03, 9.65067139e+02,
            2.96514917e+03, 9.72246155e+02, 3.15431201e+03,
            9.77410522e+02, 3.34260059e+03, 9.81742371e+02,
            3.52726221e+03, 9.85575439e+02, 3.71280884e+03,
            9.94656372e+02, 3.89758398e+03, 1.00059863e+03,
            4.08163525e+03, 1.00766107e+03, 4.26120557e+03,
            1.01757495e+03, 3.64113281e+02, 1.15930139e+03,
            5.39468811e+02, 1.15638721e+03, 7.15210083e+02,
            1.15368604e+03, 8.93808533e+02, 1.15481958e+03,
            1.07610974e+03, 1.14933618e+03, 1.25957764e+03,
            1.14841699e+03, 1.44431274e+03, 1.14683276e+03,
            1.63559888e+03, 1.14451831e+03, 1.82217249e+03,
            1.14966528e+03, 2.01156055e+03, 1.14681604e+03,
            2.19817603e+03, 1.14805920e+03, 2.39060693e+03,
            1.15140906e+03, 2.58062109e+03, 1.15255249e+03,
            2.77165308e+03, 1.15746289e+03, 2.96130151e+03,
            1.16057031e+03, 3.15188330e+03, 1.16637891e+03,
            3.33998535e+03, 1.17099121e+03, 3.52756030e+03,
            1.17483240e+03, 3.71193335e+03, 1.18171777e+03,
            3.89684082e+03, 1.18834863e+03, 4.07909644e+03,
            1.19603479e+03, 4.26151074e+03, 1.20125989e+03,
            3.55408264e+02, 1.34236853e+03, 5.32260193e+02,
            1.33882629e+03, 7.07906494e+02, 1.33919849e+03,
            8.88956604e+02, 1.33507336e+03, 1.07050012e+03,
            1.33393298e+03, 1.25619019e+03, 1.33417834e+03,
            1.43985974e+03, 1.33588489e+03, 1.62925781e+03,
            1.33488940e+03, 1.81512427e+03, 1.33552722e+03,
            2.00783630e+03, 1.33712854e+03, 2.19629297e+03,
            1.33804980e+03, 2.38878223e+03, 1.34005859e+03,
            2.58108936e+03, 1.34167310e+03, 2.76833691e+03,
            1.34600610e+03, 2.96013892e+03, 1.35101562e+03,
            3.14953638e+03, 1.35424109e+03, 3.33991724e+03,
            1.35927661e+03, 3.52665796e+03, 1.36492505e+03,
            3.71028809e+03, 1.36956580e+03, 3.89887061e+03,
            1.37743140e+03, 4.07557227e+03, 1.38352979e+03,
            4.25747314e+03, 1.38937634e+03, 3.46719940e+02,
            1.52398730e+03, 5.22864258e+02, 1.52406653e+03,
            7.02152710e+02, 1.52160474e+03, 8.83314758e+02,
